La mejor posición es (0.0,0.0,0.0) y el valor de la función en este punto es 0.0
Las particulas en la última iteración quedan de la siguiente manera: 
P (-1.1691912e-4,-1.1691912e-4,-1.1691912e-4) (1.7923587e-5,1.7923587e-5,1.7923587e-5) (-1.1691912e-4,-1.1691912e-4,-1.1691912e-4) (0.0,0.0,0.0)
P (-1.1691912e-4,-1.1691912e-4,-8.768937e-5) (1.7923587e-5,1.7923587e-5,1.3442694e-5) (-1.1691912e-4,-1.1691912e-4,-8.768937e-5) (0.0,0.0,0.0)
P (-1.1691912e-4,-1.1691912e-4,-5.845956e-5) (1.7923587e-5,1.7923587e-5,8.961793e-6) (-1.1691912e-4,-1.1691912e-4,-5.845956e-5) (0.0,0.0,0.0)
P (-1.1691912e-4,-1.1691912e-4,-2.922978e-5) (1.7923587e-5,1.7923587e-5,4.4808967e-6) (-1.1691912e-4,-1.1691912e-4,-2.922978e-5) (0.0,0.0,0.0)
P (-1.1691912e-4,-1.1691912e-4,0.0) (1.7923587e-5,1.7923587e-5,0.0) (-1.1691912e-4,-1.1691912e-4,0.0) (0.0,0.0,0.0)
P (-1.1691912e-4,-1.1691912e-4,2.922978e-5) (1.7923587e-5,1.7923587e-5,-4.4808967e-6) (-1.1691912e-4,-1.1691912e-4,2.922978e-5) (0.0,0.0,0.0)
P (-1.1691912e-4,-1.1691912e-4,5.845956e-5) (1.7923587e-5,1.7923587e-5,-8.961793e-6) (-1.1691912e-4,-1.1691912e-4,5.845956e-5) (0.0,0.0,0.0)
P (-1.1691912e-4,-8.768937e-5,-1.1691912e-4) (1.7923587e-5,1.3442694e-5,1.7923587e-5) (-1.1691912e-4,-8.768937e-5,-1.1691912e-4) (0.0,0.0,0.0)
P (-1.1691912e-4,-8.768937e-5,-8.768937e-5) (1.7923587e-5,1.3442694e-5,1.3442694e-5) (-1.1691912e-4,-8.768937e-5,-8.768937e-5) (0.0,0.0,0.0)
P (-1.1691912e-4,-8.768937e-5,-5.845956e-5) (1.7923587e-5,1.3442694e-5,8.961793e-6) (-1.1691912e-4,-8.768937e-5,-5.845956e-5) (0.0,0.0,0.0)
P (-1.1691912e-4,-8.768937e-5,-2.922978e-5) (1.7923587e-5,1.3442694e-5,4.4808967e-6) (-1.1691912e-4,-8.768937e-5,-2.922978e-5) (0.0,0.0,0.0)
P (-1.1691912e-4,-8.768937e-5,0.0) (1.7923587e-5,1.3442694e-5,0.0) (-1.1691912e-4,-8.768937e-5,0.0) (0.0,0.0,0.0)
P (-1.1691912e-4,-8.768937e-5,2.922978e-5) (1.7923587e-5,1.3442694e-5,-4.4808967e-6) (-1.1691912e-4,-8.768937e-5,2.922978e-5) (0.0,0.0,0.0)
P (-1.1691912e-4,-8.768937e-5,5.845956e-5) (1.7923587e-5,1.3442694e-5,-8.961793e-6) (-1.1691912e-4,-8.768937e-5,5.845956e-5) (0.0,0.0,0.0)
P (-1.1691912e-4,-5.845956e-5,-1.1691912e-4) (1.7923587e-5,8.961793e-6,1.7923587e-5) (-1.1691912e-4,-5.845956e-5,-1.1691912e-4) (0.0,0.0,0.0)
P (-1.1691912e-4,-5.845956e-5,-8.768937e-5) (1.7923587e-5,8.961793e-6,1.3442694e-5) (-1.1691912e-4,-5.845956e-5,-8.768937e-5) (0.0,0.0,0.0)
P (-1.1691912e-4,-5.845956e-5,-5.845956e-5) (1.7923587e-5,8.961793e-6,8.961793e-6) (-1.1691912e-4,-5.845956e-5,-5.845956e-5) (0.0,0.0,0.0)
P (-1.1691912e-4,-5.845956e-5,-2.922978e-5) (1.7923587e-5,8.961793e-6,4.4808967e-6) (-1.1691912e-4,-5.845956e-5,-2.922978e-5) (0.0,0.0,0.0)
P (-1.1691912e-4,-5.845956e-5,0.0) (1.7923587e-5,8.961793e-6,0.0) (-1.1691912e-4,-5.845956e-5,0.0) (0.0,0.0,0.0)
P (-1.1691912e-4,-5.845956e-5,2.922978e-5) (1.7923587e-5,8.961793e-6,-4.4808967e-6) (-1.1691912e-4,-5.845956e-5,2.922978e-5) (0.0,0.0,0.0)
P (-1.1691912e-4,-5.845956e-5,5.845956e-5) (1.7923587e-5,8.961793e-6,-8.961793e-6) (-1.1691912e-4,-5.845956e-5,5.845956e-5) (0.0,0.0,0.0)
P (-1.1691912e-4,-2.922978e-5,-1.1691912e-4) (1.7923587e-5,4.4808967e-6,1.7923587e-5) (-1.1691912e-4,-2.922978e-5,-1.1691912e-4) (0.0,0.0,0.0)
P (-1.1691912e-4,-2.922978e-5,-8.768937e-5) (1.7923587e-5,4.4808967e-6,1.3442694e-5) (-1.1691912e-4,-2.922978e-5,-8.768937e-5) (0.0,0.0,0.0)
P (-1.1691912e-4,-2.922978e-5,-5.845956e-5) (1.7923587e-5,4.4808967e-6,8.961793e-6) (-1.1691912e-4,-2.922978e-5,-5.845956e-5) (0.0,0.0,0.0)
P (-1.1691912e-4,-2.922978e-5,-2.922978e-5) (1.7923587e-5,4.4808967e-6,4.4808967e-6) (-1.1691912e-4,-2.922978e-5,-2.922978e-5) (0.0,0.0,0.0)
P (-1.1691912e-4,-2.922978e-5,0.0) (1.7923587e-5,4.4808967e-6,0.0) (-1.1691912e-4,-2.922978e-5,0.0) (0.0,0.0,0.0)
P (-1.1691912e-4,-2.922978e-5,2.922978e-5) (1.7923587e-5,4.4808967e-6,-4.4808967e-6) (-1.1691912e-4,-2.922978e-5,2.922978e-5) (0.0,0.0,0.0)
P (-1.1691912e-4,-2.922978e-5,5.845956e-5) (1.7923587e-5,4.4808967e-6,-8.961793e-6) (-1.1691912e-4,-2.922978e-5,5.845956e-5) (0.0,0.0,0.0)
P (-1.1691912e-4,0.0,-1.1691912e-4) (1.7923587e-5,0.0,1.7923587e-5) (-1.1691912e-4,0.0,-1.1691912e-4) (0.0,0.0,0.0)
P (-1.1691912e-4,0.0,-8.768937e-5) (1.7923587e-5,0.0,1.3442694e-5) (-1.1691912e-4,0.0,-8.768937e-5) (0.0,0.0,0.0)
P (-1.1691912e-4,0.0,-5.845956e-5) (1.7923587e-5,0.0,8.961793e-6) (-1.1691912e-4,0.0,-5.845956e-5) (0.0,0.0,0.0)
P (-1.1691912e-4,0.0,-2.922978e-5) (1.7923587e-5,0.0,4.4808967e-6) (-1.1691912e-4,0.0,-2.922978e-5) (0.0,0.0,0.0)
P (-1.1691912e-4,0.0,0.0) (1.7923587e-5,0.0,0.0) (-1.1691912e-4,0.0,0.0) (0.0,0.0,0.0)
P (-1.1691912e-4,0.0,2.922978e-5) (1.7923587e-5,0.0,-4.4808967e-6) (-1.1691912e-4,0.0,2.922978e-5) (0.0,0.0,0.0)
P (-1.1691912e-4,0.0,5.845956e-5) (1.7923587e-5,0.0,-8.961793e-6) (-1.1691912e-4,0.0,5.845956e-5) (0.0,0.0,0.0)
P (-1.1691912e-4,2.922978e-5,-1.1691912e-4) (1.7923587e-5,-4.4808967e-6,1.7923587e-5) (-1.1691912e-4,2.922978e-5,-1.1691912e-4) (0.0,0.0,0.0)
P (-1.1691912e-4,2.922978e-5,-8.768937e-5) (1.7923587e-5,-4.4808967e-6,1.3442694e-5) (-1.1691912e-4,2.922978e-5,-8.768937e-5) (0.0,0.0,0.0)
P (-1.1691912e-4,2.922978e-5,-5.845956e-5) (1.7923587e-5,-4.4808967e-6,8.961793e-6) (-1.1691912e-4,2.922978e-5,-5.845956e-5) (0.0,0.0,0.0)
P (-1.1691912e-4,2.922978e-5,-2.922978e-5) (1.7923587e-5,-4.4808967e-6,4.4808967e-6) (-1.1691912e-4,2.922978e-5,-2.922978e-5) (0.0,0.0,0.0)
P (-1.1691912e-4,2.922978e-5,0.0) (1.7923587e-5,-4.4808967e-6,0.0) (-1.1691912e-4,2.922978e-5,0.0) (0.0,0.0,0.0)
P (-1.1691912e-4,2.922978e-5,2.922978e-5) (1.7923587e-5,-4.4808967e-6,-4.4808967e-6) (-1.1691912e-4,2.922978e-5,2.922978e-5) (0.0,0.0,0.0)
P (-1.1691912e-4,2.922978e-5,5.845956e-5) (1.7923587e-5,-4.4808967e-6,-8.961793e-6) (-1.1691912e-4,2.922978e-5,5.845956e-5) (0.0,0.0,0.0)
P (-1.1691912e-4,5.845956e-5,-1.1691912e-4) (1.7923587e-5,-8.961793e-6,1.7923587e-5) (-1.1691912e-4,5.845956e-5,-1.1691912e-4) (0.0,0.0,0.0)
P (-1.1691912e-4,5.845956e-5,-8.768937e-5) (1.7923587e-5,-8.961793e-6,1.3442694e-5) (-1.1691912e-4,5.845956e-5,-8.768937e-5) (0.0,0.0,0.0)
P (-1.1691912e-4,5.845956e-5,-5.845956e-5) (1.7923587e-5,-8.961793e-6,8.961793e-6) (-1.1691912e-4,5.845956e-5,-5.845956e-5) (0.0,0.0,0.0)
P (-1.1691912e-4,5.845956e-5,-2.922978e-5) (1.7923587e-5,-8.961793e-6,4.4808967e-6) (-1.1691912e-4,5.845956e-5,-2.922978e-5) (0.0,0.0,0.0)
P (-1.1691912e-4,5.845956e-5,0.0) (1.7923587e-5,-8.961793e-6,0.0) (-1.1691912e-4,5.845956e-5,0.0) (0.0,0.0,0.0)
P (-1.1691912e-4,5.845956e-5,2.922978e-5) (1.7923587e-5,-8.961793e-6,-4.4808967e-6) (-1.1691912e-4,5.845956e-5,2.922978e-5) (0.0,0.0,0.0)
P (-1.1691912e-4,5.845956e-5,5.845956e-5) (1.7923587e-5,-8.961793e-6,-8.961793e-6) (-1.1691912e-4,5.845956e-5,5.845956e-5) (0.0,0.0,0.0)
P (-8.768937e-5,-1.1691912e-4,-1.1691912e-4) (1.3442694e-5,1.7923587e-5,1.7923587e-5) (-8.768937e-5,-1.1691912e-4,-1.1691912e-4) (0.0,0.0,0.0)
P (-8.768937e-5,-1.1691912e-4,-8.768937e-5) (1.3442694e-5,1.7923587e-5,1.3442694e-5) (-8.768937e-5,-1.1691912e-4,-8.768937e-5) (0.0,0.0,0.0)
P (-8.768937e-5,-1.1691912e-4,-5.845956e-5) (1.3442694e-5,1.7923587e-5,8.961793e-6) (-8.768937e-5,-1.1691912e-4,-5.845956e-5) (0.0,0.0,0.0)
P (-8.768937e-5,-1.1691912e-4,-2.922978e-5) (1.3442694e-5,1.7923587e-5,4.4808967e-6) (-8.768937e-5,-1.1691912e-4,-2.922978e-5) (0.0,0.0,0.0)
P (-8.768937e-5,-1.1691912e-4,0.0) (1.3442694e-5,1.7923587e-5,0.0) (-8.768937e-5,-1.1691912e-4,0.0) (0.0,0.0,0.0)
P (-8.768937e-5,-1.1691912e-4,2.922978e-5) (1.3442694e-5,1.7923587e-5,-4.4808967e-6) (-8.768937e-5,-1.1691912e-4,2.922978e-5) (0.0,0.0,0.0)
P (-8.768937e-5,-1.1691912e-4,5.845956e-5) (1.3442694e-5,1.7923587e-5,-8.961793e-6) (-8.768937e-5,-1.1691912e-4,5.845956e-5) (0.0,0.0,0.0)
P (-8.768937e-5,-8.768937e-5,-1.1691912e-4) (1.3442694e-5,1.3442694e-5,1.7923587e-5) (-8.768937e-5,-8.768937e-5,-1.1691912e-4) (0.0,0.0,0.0)
P (-8.768937e-5,-8.768937e-5,-8.768937e-5) (1.3442694e-5,1.3442694e-5,1.3442694e-5) (-8.768937e-5,-8.768937e-5,-8.768937e-5) (0.0,0.0,0.0)
P (-8.768937e-5,-8.768937e-5,-5.845956e-5) (1.3442694e-5,1.3442694e-5,8.961793e-6) (-8.768937e-5,-8.768937e-5,-5.845956e-5) (0.0,0.0,0.0)
P (-8.768937e-5,-8.768937e-5,-2.922978e-5) (1.3442694e-5,1.3442694e-5,4.4808967e-6) (-8.768937e-5,-8.768937e-5,-2.922978e-5) (0.0,0.0,0.0)
P (-8.768937e-5,-8.768937e-5,0.0) (1.3442694e-5,1.3442694e-5,0.0) (-8.768937e-5,-8.768937e-5,0.0) (0.0,0.0,0.0)
P (-8.768937e-5,-8.768937e-5,2.922978e-5) (1.3442694e-5,1.3442694e-5,-4.4808967e-6) (-8.768937e-5,-8.768937e-5,2.922978e-5) (0.0,0.0,0.0)
P (-8.768937e-5,-8.768937e-5,5.845956e-5) (1.3442694e-5,1.3442694e-5,-8.961793e-6) (-8.768937e-5,-8.768937e-5,5.845956e-5) (0.0,0.0,0.0)
P (-8.768937e-5,-5.845956e-5,-1.1691912e-4) (1.3442694e-5,8.961793e-6,1.7923587e-5) (-8.768937e-5,-5.845956e-5,-1.1691912e-4) (0.0,0.0,0.0)
P (-8.768937e-5,-5.845956e-5,-8.768937e-5) (1.3442694e-5,8.961793e-6,1.3442694e-5) (-8.768937e-5,-5.845956e-5,-8.768937e-5) (0.0,0.0,0.0)
P (-8.768937e-5,-5.845956e-5,-5.845956e-5) (1.3442694e-5,8.961793e-6,8.961793e-6) (-8.768937e-5,-5.845956e-5,-5.845956e-5) (0.0,0.0,0.0)
P (-8.768937e-5,-5.845956e-5,-2.922978e-5) (1.3442694e-5,8.961793e-6,4.4808967e-6) (-8.768937e-5,-5.845956e-5,-2.922978e-5) (0.0,0.0,0.0)
P (-8.768937e-5,-5.845956e-5,0.0) (1.3442694e-5,8.961793e-6,0.0) (-8.768937e-5,-5.845956e-5,0.0) (0.0,0.0,0.0)
P (-8.768937e-5,-5.845956e-5,2.922978e-5) (1.3442694e-5,8.961793e-6,-4.4808967e-6) (-8.768937e-5,-5.845956e-5,2.922978e-5) (0.0,0.0,0.0)
P (-8.768937e-5,-5.845956e-5,5.845956e-5) (1.3442694e-5,8.961793e-6,-8.961793e-6) (-8.768937e-5,-5.845956e-5,5.845956e-5) (0.0,0.0,0.0)
P (-8.768937e-5,-2.922978e-5,-1.1691912e-4) (1.3442694e-5,4.4808967e-6,1.7923587e-5) (-8.768937e-5,-2.922978e-5,-1.1691912e-4) (0.0,0.0,0.0)
P (-8.768937e-5,-2.922978e-5,-8.768937e-5) (1.3442694e-5,4.4808967e-6,1.3442694e-5) (-8.768937e-5,-2.922978e-5,-8.768937e-5) (0.0,0.0,0.0)
P (-8.768937e-5,-2.922978e-5,-5.845956e-5) (1.3442694e-5,4.4808967e-6,8.961793e-6) (-8.768937e-5,-2.922978e-5,-5.845956e-5) (0.0,0.0,0.0)
P (-8.768937e-5,-2.922978e-5,-2.922978e-5) (1.3442694e-5,4.4808967e-6,4.4808967e-6) (-8.768937e-5,-2.922978e-5,-2.922978e-5) (0.0,0.0,0.0)
P (-8.768937e-5,-2.922978e-5,0.0) (1.3442694e-5,4.4808967e-6,0.0) (-8.768937e-5,-2.922978e-5,0.0) (0.0,0.0,0.0)
P (-8.768937e-5,-2.922978e-5,2.922978e-5) (1.3442694e-5,4.4808967e-6,-4.4808967e-6) (-8.768937e-5,-2.922978e-5,2.922978e-5) (0.0,0.0,0.0)
P (-8.768937e-5,-2.922978e-5,5.845956e-5) (1.3442694e-5,4.4808967e-6,-8.961793e-6) (-8.768937e-5,-2.922978e-5,5.845956e-5) (0.0,0.0,0.0)
P (-8.768937e-5,0.0,-1.1691912e-4) (1.3442694e-5,0.0,1.7923587e-5) (-8.768937e-5,0.0,-1.1691912e-4) (0.0,0.0,0.0)
P (-8.768937e-5,0.0,-8.768937e-5) (1.3442694e-5,0.0,1.3442694e-5) (-8.768937e-5,0.0,-8.768937e-5) (0.0,0.0,0.0)
P (-8.768937e-5,0.0,-5.845956e-5) (1.3442694e-5,0.0,8.961793e-6) (-8.768937e-5,0.0,-5.845956e-5) (0.0,0.0,0.0)
P (-8.768937e-5,0.0,-2.922978e-5) (1.3442694e-5,0.0,4.4808967e-6) (-8.768937e-5,0.0,-2.922978e-5) (0.0,0.0,0.0)
P (-8.768937e-5,0.0,0.0) (1.3442694e-5,0.0,0.0) (-8.768937e-5,0.0,0.0) (0.0,0.0,0.0)
P (-8.768937e-5,0.0,2.922978e-5) (1.3442694e-5,0.0,-4.4808967e-6) (-8.768937e-5,0.0,2.922978e-5) (0.0,0.0,0.0)
P (-8.768937e-5,0.0,5.845956e-5) (1.3442694e-5,0.0,-8.961793e-6) (-8.768937e-5,0.0,5.845956e-5) (0.0,0.0,0.0)
P (-8.768937e-5,2.922978e-5,-1.1691912e-4) (1.3442694e-5,-4.4808967e-6,1.7923587e-5) (-8.768937e-5,2.922978e-5,-1.1691912e-4) (0.0,0.0,0.0)
P (-8.768937e-5,2.922978e-5,-8.768937e-5) (1.3442694e-5,-4.4808967e-6,1.3442694e-5) (-8.768937e-5,2.922978e-5,-8.768937e-5) (0.0,0.0,0.0)
P (-8.768937e-5,2.922978e-5,-5.845956e-5) (1.3442694e-5,-4.4808967e-6,8.961793e-6) (-8.768937e-5,2.922978e-5,-5.845956e-5) (0.0,0.0,0.0)
P (-8.768937e-5,2.922978e-5,-2.922978e-5) (1.3442694e-5,-4.4808967e-6,4.4808967e-6) (-8.768937e-5,2.922978e-5,-2.922978e-5) (0.0,0.0,0.0)
P (-8.768937e-5,2.922978e-5,0.0) (1.3442694e-5,-4.4808967e-6,0.0) (-8.768937e-5,2.922978e-5,0.0) (0.0,0.0,0.0)
P (-8.768937e-5,2.922978e-5,2.922978e-5) (1.3442694e-5,-4.4808967e-6,-4.4808967e-6) (-8.768937e-5,2.922978e-5,2.922978e-5) (0.0,0.0,0.0)
P (-8.768937e-5,2.922978e-5,5.845956e-5) (1.3442694e-5,-4.4808967e-6,-8.961793e-6) (-8.768937e-5,2.922978e-5,5.845956e-5) (0.0,0.0,0.0)
P (-8.768937e-5,5.845956e-5,-1.1691912e-4) (1.3442694e-5,-8.961793e-6,1.7923587e-5) (-8.768937e-5,5.845956e-5,-1.1691912e-4) (0.0,0.0,0.0)
P (-8.768937e-5,5.845956e-5,-8.768937e-5) (1.3442694e-5,-8.961793e-6,1.3442694e-5) (-8.768937e-5,5.845956e-5,-8.768937e-5) (0.0,0.0,0.0)
P (-8.768937e-5,5.845956e-5,-5.845956e-5) (1.3442694e-5,-8.961793e-6,8.961793e-6) (-8.768937e-5,5.845956e-5,-5.845956e-5) (0.0,0.0,0.0)
P (-8.768937e-5,5.845956e-5,-2.922978e-5) (1.3442694e-5,-8.961793e-6,4.4808967e-6) (-8.768937e-5,5.845956e-5,-2.922978e-5) (0.0,0.0,0.0)
P (-8.768937e-5,5.845956e-5,0.0) (1.3442694e-5,-8.961793e-6,0.0) (-8.768937e-5,5.845956e-5,0.0) (0.0,0.0,0.0)
P (-8.768937e-5,5.845956e-5,2.922978e-5) (1.3442694e-5,-8.961793e-6,-4.4808967e-6) (-8.768937e-5,5.845956e-5,2.922978e-5) (0.0,0.0,0.0)
P (-8.768937e-5,5.845956e-5,5.845956e-5) (1.3442694e-5,-8.961793e-6,-8.961793e-6) (-8.768937e-5,5.845956e-5,5.845956e-5) (0.0,0.0,0.0)
P (-5.845956e-5,-1.1691912e-4,-1.1691912e-4) (8.961793e-6,1.7923587e-5,1.7923587e-5) (-5.845956e-5,-1.1691912e-4,-1.1691912e-4) (0.0,0.0,0.0)
P (-5.845956e-5,-1.1691912e-4,-8.768937e-5) (8.961793e-6,1.7923587e-5,1.3442694e-5) (-5.845956e-5,-1.1691912e-4,-8.768937e-5) (0.0,0.0,0.0)
P (-5.845956e-5,-1.1691912e-4,-5.845956e-5) (8.961793e-6,1.7923587e-5,8.961793e-6) (-5.845956e-5,-1.1691912e-4,-5.845956e-5) (0.0,0.0,0.0)
P (-5.845956e-5,-1.1691912e-4,-2.922978e-5) (8.961793e-6,1.7923587e-5,4.4808967e-6) (-5.845956e-5,-1.1691912e-4,-2.922978e-5) (0.0,0.0,0.0)
P (-5.845956e-5,-1.1691912e-4,0.0) (8.961793e-6,1.7923587e-5,0.0) (-5.845956e-5,-1.1691912e-4,0.0) (0.0,0.0,0.0)
P (-5.845956e-5,-1.1691912e-4,2.922978e-5) (8.961793e-6,1.7923587e-5,-4.4808967e-6) (-5.845956e-5,-1.1691912e-4,2.922978e-5) (0.0,0.0,0.0)
P (-5.845956e-5,-1.1691912e-4,5.845956e-5) (8.961793e-6,1.7923587e-5,-8.961793e-6) (-5.845956e-5,-1.1691912e-4,5.845956e-5) (0.0,0.0,0.0)
P (-5.845956e-5,-8.768937e-5,-1.1691912e-4) (8.961793e-6,1.3442694e-5,1.7923587e-5) (-5.845956e-5,-8.768937e-5,-1.1691912e-4) (0.0,0.0,0.0)
P (-5.845956e-5,-8.768937e-5,-8.768937e-5) (8.961793e-6,1.3442694e-5,1.3442694e-5) (-5.845956e-5,-8.768937e-5,-8.768937e-5) (0.0,0.0,0.0)
P (-5.845956e-5,-8.768937e-5,-5.845956e-5) (8.961793e-6,1.3442694e-5,8.961793e-6) (-5.845956e-5,-8.768937e-5,-5.845956e-5) (0.0,0.0,0.0)
P (-5.845956e-5,-8.768937e-5,-2.922978e-5) (8.961793e-6,1.3442694e-5,4.4808967e-6) (-5.845956e-5,-8.768937e-5,-2.922978e-5) (0.0,0.0,0.0)
P (-5.845956e-5,-8.768937e-5,0.0) (8.961793e-6,1.3442694e-5,0.0) (-5.845956e-5,-8.768937e-5,0.0) (0.0,0.0,0.0)
P (-5.845956e-5,-8.768937e-5,2.922978e-5) (8.961793e-6,1.3442694e-5,-4.4808967e-6) (-5.845956e-5,-8.768937e-5,2.922978e-5) (0.0,0.0,0.0)
P (-5.845956e-5,-8.768937e-5,5.845956e-5) (8.961793e-6,1.3442694e-5,-8.961793e-6) (-5.845956e-5,-8.768937e-5,5.845956e-5) (0.0,0.0,0.0)
P (-5.845956e-5,-5.845956e-5,-1.1691912e-4) (8.961793e-6,8.961793e-6,1.7923587e-5) (-5.845956e-5,-5.845956e-5,-1.1691912e-4) (0.0,0.0,0.0)
P (-5.845956e-5,-5.845956e-5,-8.768937e-5) (8.961793e-6,8.961793e-6,1.3442694e-5) (-5.845956e-5,-5.845956e-5,-8.768937e-5) (0.0,0.0,0.0)
P (-5.845956e-5,-5.845956e-5,-5.845956e-5) (8.961793e-6,8.961793e-6,8.961793e-6) (-5.845956e-5,-5.845956e-5,-5.845956e-5) (0.0,0.0,0.0)
P (-5.845956e-5,-5.845956e-5,-2.922978e-5) (8.961793e-6,8.961793e-6,4.4808967e-6) (-5.845956e-5,-5.845956e-5,-2.922978e-5) (0.0,0.0,0.0)
P (-5.845956e-5,-5.845956e-5,0.0) (8.961793e-6,8.961793e-6,0.0) (-5.845956e-5,-5.845956e-5,0.0) (0.0,0.0,0.0)
P (-5.845956e-5,-5.845956e-5,2.922978e-5) (8.961793e-6,8.961793e-6,-4.4808967e-6) (-5.845956e-5,-5.845956e-5,2.922978e-5) (0.0,0.0,0.0)
P (-5.845956e-5,-5.845956e-5,5.845956e-5) (8.961793e-6,8.961793e-6,-8.961793e-6) (-5.845956e-5,-5.845956e-5,5.845956e-5) (0.0,0.0,0.0)
P (-5.845956e-5,-2.922978e-5,-1.1691912e-4) (8.961793e-6,4.4808967e-6,1.7923587e-5) (-5.845956e-5,-2.922978e-5,-1.1691912e-4) (0.0,0.0,0.0)
P (-5.845956e-5,-2.922978e-5,-8.768937e-5) (8.961793e-6,4.4808967e-6,1.3442694e-5) (-5.845956e-5,-2.922978e-5,-8.768937e-5) (0.0,0.0,0.0)
P (-5.845956e-5,-2.922978e-5,-5.845956e-5) (8.961793e-6,4.4808967e-6,8.961793e-6) (-5.845956e-5,-2.922978e-5,-5.845956e-5) (0.0,0.0,0.0)
P (-5.845956e-5,-2.922978e-5,-2.922978e-5) (8.961793e-6,4.4808967e-6,4.4808967e-6) (-5.845956e-5,-2.922978e-5,-2.922978e-5) (0.0,0.0,0.0)
P (-5.845956e-5,-2.922978e-5,0.0) (8.961793e-6,4.4808967e-6,0.0) (-5.845956e-5,-2.922978e-5,0.0) (0.0,0.0,0.0)
P (-5.845956e-5,-2.922978e-5,2.922978e-5) (8.961793e-6,4.4808967e-6,-4.4808967e-6) (-5.845956e-5,-2.922978e-5,2.922978e-5) (0.0,0.0,0.0)
P (-5.845956e-5,-2.922978e-5,5.845956e-5) (8.961793e-6,4.4808967e-6,-8.961793e-6) (-5.845956e-5,-2.922978e-5,5.845956e-5) (0.0,0.0,0.0)
P (-5.845956e-5,0.0,-1.1691912e-4) (8.961793e-6,0.0,1.7923587e-5) (-5.845956e-5,0.0,-1.1691912e-4) (0.0,0.0,0.0)
P (-5.845956e-5,0.0,-8.768937e-5) (8.961793e-6,0.0,1.3442694e-5) (-5.845956e-5,0.0,-8.768937e-5) (0.0,0.0,0.0)
P (-5.845956e-5,0.0,-5.845956e-5) (8.961793e-6,0.0,8.961793e-6) (-5.845956e-5,0.0,-5.845956e-5) (0.0,0.0,0.0)
P (-5.845956e-5,0.0,-2.922978e-5) (8.961793e-6,0.0,4.4808967e-6) (-5.845956e-5,0.0,-2.922978e-5) (0.0,0.0,0.0)
P (-5.845956e-5,0.0,0.0) (8.961793e-6,0.0,0.0) (-5.845956e-5,0.0,0.0) (0.0,0.0,0.0)
P (-5.845956e-5,0.0,2.922978e-5) (8.961793e-6,0.0,-4.4808967e-6) (-5.845956e-5,0.0,2.922978e-5) (0.0,0.0,0.0)
P (-5.845956e-5,0.0,5.845956e-5) (8.961793e-6,0.0,-8.961793e-6) (-5.845956e-5,0.0,5.845956e-5) (0.0,0.0,0.0)
P (-5.845956e-5,2.922978e-5,-1.1691912e-4) (8.961793e-6,-4.4808967e-6,1.7923587e-5) (-5.845956e-5,2.922978e-5,-1.1691912e-4) (0.0,0.0,0.0)
P (-5.845956e-5,2.922978e-5,-8.768937e-5) (8.961793e-6,-4.4808967e-6,1.3442694e-5) (-5.845956e-5,2.922978e-5,-8.768937e-5) (0.0,0.0,0.0)
P (-5.845956e-5,2.922978e-5,-5.845956e-5) (8.961793e-6,-4.4808967e-6,8.961793e-6) (-5.845956e-5,2.922978e-5,-5.845956e-5) (0.0,0.0,0.0)
P (-5.845956e-5,2.922978e-5,-2.922978e-5) (8.961793e-6,-4.4808967e-6,4.4808967e-6) (-5.845956e-5,2.922978e-5,-2.922978e-5) (0.0,0.0,0.0)
P (-5.845956e-5,2.922978e-5,0.0) (8.961793e-6,-4.4808967e-6,0.0) (-5.845956e-5,2.922978e-5,0.0) (0.0,0.0,0.0)
P (-5.845956e-5,2.922978e-5,2.922978e-5) (8.961793e-6,-4.4808967e-6,-4.4808967e-6) (-5.845956e-5,2.922978e-5,2.922978e-5) (0.0,0.0,0.0)
P (-5.845956e-5,2.922978e-5,5.845956e-5) (8.961793e-6,-4.4808967e-6,-8.961793e-6) (-5.845956e-5,2.922978e-5,5.845956e-5) (0.0,0.0,0.0)
P (-5.845956e-5,5.845956e-5,-1.1691912e-4) (8.961793e-6,-8.961793e-6,1.7923587e-5) (-5.845956e-5,5.845956e-5,-1.1691912e-4) (0.0,0.0,0.0)
P (-5.845956e-5,5.845956e-5,-8.768937e-5) (8.961793e-6,-8.961793e-6,1.3442694e-5) (-5.845956e-5,5.845956e-5,-8.768937e-5) (0.0,0.0,0.0)
P (-5.845956e-5,5.845956e-5,-5.845956e-5) (8.961793e-6,-8.961793e-6,8.961793e-6) (-5.845956e-5,5.845956e-5,-5.845956e-5) (0.0,0.0,0.0)
P (-5.845956e-5,5.845956e-5,-2.922978e-5) (8.961793e-6,-8.961793e-6,4.4808967e-6) (-5.845956e-5,5.845956e-5,-2.922978e-5) (0.0,0.0,0.0)
P (-5.845956e-5,5.845956e-5,0.0) (8.961793e-6,-8.961793e-6,0.0) (-5.845956e-5,5.845956e-5,0.0) (0.0,0.0,0.0)
P (-5.845956e-5,5.845956e-5,2.922978e-5) (8.961793e-6,-8.961793e-6,-4.4808967e-6) (-5.845956e-5,5.845956e-5,2.922978e-5) (0.0,0.0,0.0)
P (-5.845956e-5,5.845956e-5,5.845956e-5) (8.961793e-6,-8.961793e-6,-8.961793e-6) (-5.845956e-5,5.845956e-5,5.845956e-5) (0.0,0.0,0.0)
P (-2.922978e-5,-1.1691912e-4,-1.1691912e-4) (4.4808967e-6,1.7923587e-5,1.7923587e-5) (-2.922978e-5,-1.1691912e-4,-1.1691912e-4) (0.0,0.0,0.0)
P (-2.922978e-5,-1.1691912e-4,-8.768937e-5) (4.4808967e-6,1.7923587e-5,1.3442694e-5) (-2.922978e-5,-1.1691912e-4,-8.768937e-5) (0.0,0.0,0.0)
P (-2.922978e-5,-1.1691912e-4,-5.845956e-5) (4.4808967e-6,1.7923587e-5,8.961793e-6) (-2.922978e-5,-1.1691912e-4,-5.845956e-5) (0.0,0.0,0.0)
P (-2.922978e-5,-1.1691912e-4,-2.922978e-5) (4.4808967e-6,1.7923587e-5,4.4808967e-6) (-2.922978e-5,-1.1691912e-4,-2.922978e-5) (0.0,0.0,0.0)
P (-2.922978e-5,-1.1691912e-4,0.0) (4.4808967e-6,1.7923587e-5,0.0) (-2.922978e-5,-1.1691912e-4,0.0) (0.0,0.0,0.0)
P (-2.922978e-5,-1.1691912e-4,2.922978e-5) (4.4808967e-6,1.7923587e-5,-4.4808967e-6) (-2.922978e-5,-1.1691912e-4,2.922978e-5) (0.0,0.0,0.0)
P (-2.922978e-5,-1.1691912e-4,5.845956e-5) (4.4808967e-6,1.7923587e-5,-8.961793e-6) (-2.922978e-5,-1.1691912e-4,5.845956e-5) (0.0,0.0,0.0)
P (-2.922978e-5,-8.768937e-5,-1.1691912e-4) (4.4808967e-6,1.3442694e-5,1.7923587e-5) (-2.922978e-5,-8.768937e-5,-1.1691912e-4) (0.0,0.0,0.0)
P (-2.922978e-5,-8.768937e-5,-8.768937e-5) (4.4808967e-6,1.3442694e-5,1.3442694e-5) (-2.922978e-5,-8.768937e-5,-8.768937e-5) (0.0,0.0,0.0)
P (-2.922978e-5,-8.768937e-5,-5.845956e-5) (4.4808967e-6,1.3442694e-5,8.961793e-6) (-2.922978e-5,-8.768937e-5,-5.845956e-5) (0.0,0.0,0.0)
P (-2.922978e-5,-8.768937e-5,-2.922978e-5) (4.4808967e-6,1.3442694e-5,4.4808967e-6) (-2.922978e-5,-8.768937e-5,-2.922978e-5) (0.0,0.0,0.0)
P (-2.922978e-5,-8.768937e-5,0.0) (4.4808967e-6,1.3442694e-5,0.0) (-2.922978e-5,-8.768937e-5,0.0) (0.0,0.0,0.0)
P (-2.922978e-5,-8.768937e-5,2.922978e-5) (4.4808967e-6,1.3442694e-5,-4.4808967e-6) (-2.922978e-5,-8.768937e-5,2.922978e-5) (0.0,0.0,0.0)
P (-2.922978e-5,-8.768937e-5,5.845956e-5) (4.4808967e-6,1.3442694e-5,-8.961793e-6) (-2.922978e-5,-8.768937e-5,5.845956e-5) (0.0,0.0,0.0)
P (-2.922978e-5,-5.845956e-5,-1.1691912e-4) (4.4808967e-6,8.961793e-6,1.7923587e-5) (-2.922978e-5,-5.845956e-5,-1.1691912e-4) (0.0,0.0,0.0)
P (-2.922978e-5,-5.845956e-5,-8.768937e-5) (4.4808967e-6,8.961793e-6,1.3442694e-5) (-2.922978e-5,-5.845956e-5,-8.768937e-5) (0.0,0.0,0.0)
P (-2.922978e-5,-5.845956e-5,-5.845956e-5) (4.4808967e-6,8.961793e-6,8.961793e-6) (-2.922978e-5,-5.845956e-5,-5.845956e-5) (0.0,0.0,0.0)
P (-2.922978e-5,-5.845956e-5,-2.922978e-5) (4.4808967e-6,8.961793e-6,4.4808967e-6) (-2.922978e-5,-5.845956e-5,-2.922978e-5) (0.0,0.0,0.0)
P (-2.922978e-5,-5.845956e-5,0.0) (4.4808967e-6,8.961793e-6,0.0) (-2.922978e-5,-5.845956e-5,0.0) (0.0,0.0,0.0)
P (-2.922978e-5,-5.845956e-5,2.922978e-5) (4.4808967e-6,8.961793e-6,-4.4808967e-6) (-2.922978e-5,-5.845956e-5,2.922978e-5) (0.0,0.0,0.0)
P (-2.922978e-5,-5.845956e-5,5.845956e-5) (4.4808967e-6,8.961793e-6,-8.961793e-6) (-2.922978e-5,-5.845956e-5,5.845956e-5) (0.0,0.0,0.0)
P (-2.922978e-5,-2.922978e-5,-1.1691912e-4) (4.4808967e-6,4.4808967e-6,1.7923587e-5) (-2.922978e-5,-2.922978e-5,-1.1691912e-4) (0.0,0.0,0.0)
P (-2.922978e-5,-2.922978e-5,-8.768937e-5) (4.4808967e-6,4.4808967e-6,1.3442694e-5) (-2.922978e-5,-2.922978e-5,-8.768937e-5) (0.0,0.0,0.0)
P (-2.922978e-5,-2.922978e-5,-5.845956e-5) (4.4808967e-6,4.4808967e-6,8.961793e-6) (-2.922978e-5,-2.922978e-5,-5.845956e-5) (0.0,0.0,0.0)
P (-2.922978e-5,-2.922978e-5,-2.922978e-5) (4.4808967e-6,4.4808967e-6,4.4808967e-6) (-2.922978e-5,-2.922978e-5,-2.922978e-5) (0.0,0.0,0.0)
P (-2.922978e-5,-2.922978e-5,0.0) (4.4808967e-6,4.4808967e-6,0.0) (-2.922978e-5,-2.922978e-5,0.0) (0.0,0.0,0.0)
P (-2.922978e-5,-2.922978e-5,2.922978e-5) (4.4808967e-6,4.4808967e-6,-4.4808967e-6) (-2.922978e-5,-2.922978e-5,2.922978e-5) (0.0,0.0,0.0)
P (-2.922978e-5,-2.922978e-5,5.845956e-5) (4.4808967e-6,4.4808967e-6,-8.961793e-6) (-2.922978e-5,-2.922978e-5,5.845956e-5) (0.0,0.0,0.0)
P (-2.922978e-5,0.0,-1.1691912e-4) (4.4808967e-6,0.0,1.7923587e-5) (-2.922978e-5,0.0,-1.1691912e-4) (0.0,0.0,0.0)
P (-2.922978e-5,0.0,-8.768937e-5) (4.4808967e-6,0.0,1.3442694e-5) (-2.922978e-5,0.0,-8.768937e-5) (0.0,0.0,0.0)
P (-2.922978e-5,0.0,-5.845956e-5) (4.4808967e-6,0.0,8.961793e-6) (-2.922978e-5,0.0,-5.845956e-5) (0.0,0.0,0.0)
P (-2.922978e-5,0.0,-2.922978e-5) (4.4808967e-6,0.0,4.4808967e-6) (-2.922978e-5,0.0,-2.922978e-5) (0.0,0.0,0.0)
P (-2.922978e-5,0.0,0.0) (4.4808967e-6,0.0,0.0) (-2.922978e-5,0.0,0.0) (0.0,0.0,0.0)
P (-2.922978e-5,0.0,2.922978e-5) (4.4808967e-6,0.0,-4.4808967e-6) (-2.922978e-5,0.0,2.922978e-5) (0.0,0.0,0.0)
P (-2.922978e-5,0.0,5.845956e-5) (4.4808967e-6,0.0,-8.961793e-6) (-2.922978e-5,0.0,5.845956e-5) (0.0,0.0,0.0)
P (-2.922978e-5,2.922978e-5,-1.1691912e-4) (4.4808967e-6,-4.4808967e-6,1.7923587e-5) (-2.922978e-5,2.922978e-5,-1.1691912e-4) (0.0,0.0,0.0)
P (-2.922978e-5,2.922978e-5,-8.768937e-5) (4.4808967e-6,-4.4808967e-6,1.3442694e-5) (-2.922978e-5,2.922978e-5,-8.768937e-5) (0.0,0.0,0.0)
P (-2.922978e-5,2.922978e-5,-5.845956e-5) (4.4808967e-6,-4.4808967e-6,8.961793e-6) (-2.922978e-5,2.922978e-5,-5.845956e-5) (0.0,0.0,0.0)
P (-2.922978e-5,2.922978e-5,-2.922978e-5) (4.4808967e-6,-4.4808967e-6,4.4808967e-6) (-2.922978e-5,2.922978e-5,-2.922978e-5) (0.0,0.0,0.0)
P (-2.922978e-5,2.922978e-5,0.0) (4.4808967e-6,-4.4808967e-6,0.0) (-2.922978e-5,2.922978e-5,0.0) (0.0,0.0,0.0)
P (-2.922978e-5,2.922978e-5,2.922978e-5) (4.4808967e-6,-4.4808967e-6,-4.4808967e-6) (-2.922978e-5,2.922978e-5,2.922978e-5) (0.0,0.0,0.0)
P (-2.922978e-5,2.922978e-5,5.845956e-5) (4.4808967e-6,-4.4808967e-6,-8.961793e-6) (-2.922978e-5,2.922978e-5,5.845956e-5) (0.0,0.0,0.0)
P (-2.922978e-5,5.845956e-5,-1.1691912e-4) (4.4808967e-6,-8.961793e-6,1.7923587e-5) (-2.922978e-5,5.845956e-5,-1.1691912e-4) (0.0,0.0,0.0)
P (-2.922978e-5,5.845956e-5,-8.768937e-5) (4.4808967e-6,-8.961793e-6,1.3442694e-5) (-2.922978e-5,5.845956e-5,-8.768937e-5) (0.0,0.0,0.0)
P (-2.922978e-5,5.845956e-5,-5.845956e-5) (4.4808967e-6,-8.961793e-6,8.961793e-6) (-2.922978e-5,5.845956e-5,-5.845956e-5) (0.0,0.0,0.0)
P (-2.922978e-5,5.845956e-5,-2.922978e-5) (4.4808967e-6,-8.961793e-6,4.4808967e-6) (-2.922978e-5,5.845956e-5,-2.922978e-5) (0.0,0.0,0.0)
P (-2.922978e-5,5.845956e-5,0.0) (4.4808967e-6,-8.961793e-6,0.0) (-2.922978e-5,5.845956e-5,0.0) (0.0,0.0,0.0)
P (-2.922978e-5,5.845956e-5,2.922978e-5) (4.4808967e-6,-8.961793e-6,-4.4808967e-6) (-2.922978e-5,5.845956e-5,2.922978e-5) (0.0,0.0,0.0)
P (-2.922978e-5,5.845956e-5,5.845956e-5) (4.4808967e-6,-8.961793e-6,-8.961793e-6) (-2.922978e-5,5.845956e-5,5.845956e-5) (0.0,0.0,0.0)
P (0.0,-1.1691912e-4,-1.1691912e-4) (0.0,1.7923587e-5,1.7923587e-5) (0.0,-1.1691912e-4,-1.1691912e-4) (0.0,0.0,0.0)
P (0.0,-1.1691912e-4,-8.768937e-5) (0.0,1.7923587e-5,1.3442694e-5) (0.0,-1.1691912e-4,-8.768937e-5) (0.0,0.0,0.0)
P (0.0,-1.1691912e-4,-5.845956e-5) (0.0,1.7923587e-5,8.961793e-6) (0.0,-1.1691912e-4,-5.845956e-5) (0.0,0.0,0.0)
P (0.0,-1.1691912e-4,-2.922978e-5) (0.0,1.7923587e-5,4.4808967e-6) (0.0,-1.1691912e-4,-2.922978e-5) (0.0,0.0,0.0)
P (0.0,-1.1691912e-4,0.0) (0.0,1.7923587e-5,0.0) (0.0,-1.1691912e-4,0.0) (0.0,0.0,0.0)
P (0.0,-1.1691912e-4,2.922978e-5) (0.0,1.7923587e-5,-4.4808967e-6) (0.0,-1.1691912e-4,2.922978e-5) (0.0,0.0,0.0)
P (0.0,-1.1691912e-4,5.845956e-5) (0.0,1.7923587e-5,-8.961793e-6) (0.0,-1.1691912e-4,5.845956e-5) (0.0,0.0,0.0)
P (0.0,-8.768937e-5,-1.1691912e-4) (0.0,1.3442694e-5,1.7923587e-5) (0.0,-8.768937e-5,-1.1691912e-4) (0.0,0.0,0.0)
P (0.0,-8.768937e-5,-8.768937e-5) (0.0,1.3442694e-5,1.3442694e-5) (0.0,-8.768937e-5,-8.768937e-5) (0.0,0.0,0.0)
P (0.0,-8.768937e-5,-5.845956e-5) (0.0,1.3442694e-5,8.961793e-6) (0.0,-8.768937e-5,-5.845956e-5) (0.0,0.0,0.0)
P (0.0,-8.768937e-5,-2.922978e-5) (0.0,1.3442694e-5,4.4808967e-6) (0.0,-8.768937e-5,-2.922978e-5) (0.0,0.0,0.0)
P (0.0,-8.768937e-5,0.0) (0.0,1.3442694e-5,0.0) (0.0,-8.768937e-5,0.0) (0.0,0.0,0.0)
P (0.0,-8.768937e-5,2.922978e-5) (0.0,1.3442694e-5,-4.4808967e-6) (0.0,-8.768937e-5,2.922978e-5) (0.0,0.0,0.0)
P (0.0,-8.768937e-5,5.845956e-5) (0.0,1.3442694e-5,-8.961793e-6) (0.0,-8.768937e-5,5.845956e-5) (0.0,0.0,0.0)
P (0.0,-5.845956e-5,-1.1691912e-4) (0.0,8.961793e-6,1.7923587e-5) (0.0,-5.845956e-5,-1.1691912e-4) (0.0,0.0,0.0)
P (0.0,-5.845956e-5,-8.768937e-5) (0.0,8.961793e-6,1.3442694e-5) (0.0,-5.845956e-5,-8.768937e-5) (0.0,0.0,0.0)
P (0.0,-5.845956e-5,-5.845956e-5) (0.0,8.961793e-6,8.961793e-6) (0.0,-5.845956e-5,-5.845956e-5) (0.0,0.0,0.0)
P (0.0,-5.845956e-5,-2.922978e-5) (0.0,8.961793e-6,4.4808967e-6) (0.0,-5.845956e-5,-2.922978e-5) (0.0,0.0,0.0)
P (0.0,-5.845956e-5,0.0) (0.0,8.961793e-6,0.0) (0.0,-5.845956e-5,0.0) (0.0,0.0,0.0)
P (0.0,-5.845956e-5,2.922978e-5) (0.0,8.961793e-6,-4.4808967e-6) (0.0,-5.845956e-5,2.922978e-5) (0.0,0.0,0.0)
P (0.0,-5.845956e-5,5.845956e-5) (0.0,8.961793e-6,-8.961793e-6) (0.0,-5.845956e-5,5.845956e-5) (0.0,0.0,0.0)
P (0.0,-2.922978e-5,-1.1691912e-4) (0.0,4.4808967e-6,1.7923587e-5) (0.0,-2.922978e-5,-1.1691912e-4) (0.0,0.0,0.0)
P (0.0,-2.922978e-5,-8.768937e-5) (0.0,4.4808967e-6,1.3442694e-5) (0.0,-2.922978e-5,-8.768937e-5) (0.0,0.0,0.0)
P (0.0,-2.922978e-5,-5.845956e-5) (0.0,4.4808967e-6,8.961793e-6) (0.0,-2.922978e-5,-5.845956e-5) (0.0,0.0,0.0)
P (0.0,-2.922978e-5,-2.922978e-5) (0.0,4.4808967e-6,4.4808967e-6) (0.0,-2.922978e-5,-2.922978e-5) (0.0,0.0,0.0)
P (0.0,-2.922978e-5,0.0) (0.0,4.4808967e-6,0.0) (0.0,-2.922978e-5,0.0) (0.0,0.0,0.0)
P (0.0,-2.922978e-5,2.922978e-5) (0.0,4.4808967e-6,-4.4808967e-6) (0.0,-2.922978e-5,2.922978e-5) (0.0,0.0,0.0)
P (0.0,-2.922978e-5,5.845956e-5) (0.0,4.4808967e-6,-8.961793e-6) (0.0,-2.922978e-5,5.845956e-5) (0.0,0.0,0.0)
P (0.0,0.0,-1.1691912e-4) (0.0,0.0,1.7923587e-5) (0.0,0.0,-1.1691912e-4) (0.0,0.0,0.0)
P (0.0,0.0,-8.768937e-5) (0.0,0.0,1.3442694e-5) (0.0,0.0,-8.768937e-5) (0.0,0.0,0.0)
P (0.0,0.0,-5.845956e-5) (0.0,0.0,8.961793e-6) (0.0,0.0,-5.845956e-5) (0.0,0.0,0.0)
P (0.0,0.0,-2.922978e-5) (0.0,0.0,4.4808967e-6) (0.0,0.0,-2.922978e-5) (0.0,0.0,0.0)
P (0.0,0.0,0.0) (0.0,0.0,0.0) (0.0,0.0,0.0) (0.0,0.0,0.0)
P (0.0,0.0,2.922978e-5) (0.0,0.0,-4.4808967e-6) (0.0,0.0,2.922978e-5) (0.0,0.0,0.0)
P (0.0,0.0,5.845956e-5) (0.0,0.0,-8.961793e-6) (0.0,0.0,5.845956e-5) (0.0,0.0,0.0)
P (0.0,2.922978e-5,-1.1691912e-4) (0.0,-4.4808967e-6,1.7923587e-5) (0.0,2.922978e-5,-1.1691912e-4) (0.0,0.0,0.0)
P (0.0,2.922978e-5,-8.768937e-5) (0.0,-4.4808967e-6,1.3442694e-5) (0.0,2.922978e-5,-8.768937e-5) (0.0,0.0,0.0)
P (0.0,2.922978e-5,-5.845956e-5) (0.0,-4.4808967e-6,8.961793e-6) (0.0,2.922978e-5,-5.845956e-5) (0.0,0.0,0.0)
P (0.0,2.922978e-5,-2.922978e-5) (0.0,-4.4808967e-6,4.4808967e-6) (0.0,2.922978e-5,-2.922978e-5) (0.0,0.0,0.0)
P (0.0,2.922978e-5,0.0) (0.0,-4.4808967e-6,0.0) (0.0,2.922978e-5,0.0) (0.0,0.0,0.0)
P (0.0,2.922978e-5,2.922978e-5) (0.0,-4.4808967e-6,-4.4808967e-6) (0.0,2.922978e-5,2.922978e-5) (0.0,0.0,0.0)
P (0.0,2.922978e-5,5.845956e-5) (0.0,-4.4808967e-6,-8.961793e-6) (0.0,2.922978e-5,5.845956e-5) (0.0,0.0,0.0)
P (0.0,5.845956e-5,-1.1691912e-4) (0.0,-8.961793e-6,1.7923587e-5) (0.0,5.845956e-5,-1.1691912e-4) (0.0,0.0,0.0)
P (0.0,5.845956e-5,-8.768937e-5) (0.0,-8.961793e-6,1.3442694e-5) (0.0,5.845956e-5,-8.768937e-5) (0.0,0.0,0.0)
P (0.0,5.845956e-5,-5.845956e-5) (0.0,-8.961793e-6,8.961793e-6) (0.0,5.845956e-5,-5.845956e-5) (0.0,0.0,0.0)
P (0.0,5.845956e-5,-2.922978e-5) (0.0,-8.961793e-6,4.4808967e-6) (0.0,5.845956e-5,-2.922978e-5) (0.0,0.0,0.0)
P (0.0,5.845956e-5,0.0) (0.0,-8.961793e-6,0.0) (0.0,5.845956e-5,0.0) (0.0,0.0,0.0)
P (0.0,5.845956e-5,2.922978e-5) (0.0,-8.961793e-6,-4.4808967e-6) (0.0,5.845956e-5,2.922978e-5) (0.0,0.0,0.0)
P (0.0,5.845956e-5,5.845956e-5) (0.0,-8.961793e-6,-8.961793e-6) (0.0,5.845956e-5,5.845956e-5) (0.0,0.0,0.0)
P (2.922978e-5,-1.1691912e-4,-1.1691912e-4) (-4.4808967e-6,1.7923587e-5,1.7923587e-5) (2.922978e-5,-1.1691912e-4,-1.1691912e-4) (0.0,0.0,0.0)
P (2.922978e-5,-1.1691912e-4,-8.768937e-5) (-4.4808967e-6,1.7923587e-5,1.3442694e-5) (2.922978e-5,-1.1691912e-4,-8.768937e-5) (0.0,0.0,0.0)
P (2.922978e-5,-1.1691912e-4,-5.845956e-5) (-4.4808967e-6,1.7923587e-5,8.961793e-6) (2.922978e-5,-1.1691912e-4,-5.845956e-5) (0.0,0.0,0.0)
P (2.922978e-5,-1.1691912e-4,-2.922978e-5) (-4.4808967e-6,1.7923587e-5,4.4808967e-6) (2.922978e-5,-1.1691912e-4,-2.922978e-5) (0.0,0.0,0.0)
P (2.922978e-5,-1.1691912e-4,0.0) (-4.4808967e-6,1.7923587e-5,0.0) (2.922978e-5,-1.1691912e-4,0.0) (0.0,0.0,0.0)
P (2.922978e-5,-1.1691912e-4,2.922978e-5) (-4.4808967e-6,1.7923587e-5,-4.4808967e-6) (2.922978e-5,-1.1691912e-4,2.922978e-5) (0.0,0.0,0.0)
P (2.922978e-5,-1.1691912e-4,5.845956e-5) (-4.4808967e-6,1.7923587e-5,-8.961793e-6) (2.922978e-5,-1.1691912e-4,5.845956e-5) (0.0,0.0,0.0)
P (2.922978e-5,-8.768937e-5,-1.1691912e-4) (-4.4808967e-6,1.3442694e-5,1.7923587e-5) (2.922978e-5,-8.768937e-5,-1.1691912e-4) (0.0,0.0,0.0)
P (2.922978e-5,-8.768937e-5,-8.768937e-5) (-4.4808967e-6,1.3442694e-5,1.3442694e-5) (2.922978e-5,-8.768937e-5,-8.768937e-5) (0.0,0.0,0.0)
P (2.922978e-5,-8.768937e-5,-5.845956e-5) (-4.4808967e-6,1.3442694e-5,8.961793e-6) (2.922978e-5,-8.768937e-5,-5.845956e-5) (0.0,0.0,0.0)
P (2.922978e-5,-8.768937e-5,-2.922978e-5) (-4.4808967e-6,1.3442694e-5,4.4808967e-6) (2.922978e-5,-8.768937e-5,-2.922978e-5) (0.0,0.0,0.0)
P (2.922978e-5,-8.768937e-5,0.0) (-4.4808967e-6,1.3442694e-5,0.0) (2.922978e-5,-8.768937e-5,0.0) (0.0,0.0,0.0)
P (2.922978e-5,-8.768937e-5,2.922978e-5) (-4.4808967e-6,1.3442694e-5,-4.4808967e-6) (2.922978e-5,-8.768937e-5,2.922978e-5) (0.0,0.0,0.0)
P (2.922978e-5,-8.768937e-5,5.845956e-5) (-4.4808967e-6,1.3442694e-5,-8.961793e-6) (2.922978e-5,-8.768937e-5,5.845956e-5) (0.0,0.0,0.0)
P (2.922978e-5,-5.845956e-5,-1.1691912e-4) (-4.4808967e-6,8.961793e-6,1.7923587e-5) (2.922978e-5,-5.845956e-5,-1.1691912e-4) (0.0,0.0,0.0)
P (2.922978e-5,-5.845956e-5,-8.768937e-5) (-4.4808967e-6,8.961793e-6,1.3442694e-5) (2.922978e-5,-5.845956e-5,-8.768937e-5) (0.0,0.0,0.0)
P (2.922978e-5,-5.845956e-5,-5.845956e-5) (-4.4808967e-6,8.961793e-6,8.961793e-6) (2.922978e-5,-5.845956e-5,-5.845956e-5) (0.0,0.0,0.0)
P (2.922978e-5,-5.845956e-5,-2.922978e-5) (-4.4808967e-6,8.961793e-6,4.4808967e-6) (2.922978e-5,-5.845956e-5,-2.922978e-5) (0.0,0.0,0.0)
P (2.922978e-5,-5.845956e-5,0.0) (-4.4808967e-6,8.961793e-6,0.0) (2.922978e-5,-5.845956e-5,0.0) (0.0,0.0,0.0)
P (2.922978e-5,-5.845956e-5,2.922978e-5) (-4.4808967e-6,8.961793e-6,-4.4808967e-6) (2.922978e-5,-5.845956e-5,2.922978e-5) (0.0,0.0,0.0)
P (2.922978e-5,-5.845956e-5,5.845956e-5) (-4.4808967e-6,8.961793e-6,-8.961793e-6) (2.922978e-5,-5.845956e-5,5.845956e-5) (0.0,0.0,0.0)
P (2.922978e-5,-2.922978e-5,-1.1691912e-4) (-4.4808967e-6,4.4808967e-6,1.7923587e-5) (2.922978e-5,-2.922978e-5,-1.1691912e-4) (0.0,0.0,0.0)
P (2.922978e-5,-2.922978e-5,-8.768937e-5) (-4.4808967e-6,4.4808967e-6,1.3442694e-5) (2.922978e-5,-2.922978e-5,-8.768937e-5) (0.0,0.0,0.0)
P (2.922978e-5,-2.922978e-5,-5.845956e-5) (-4.4808967e-6,4.4808967e-6,8.961793e-6) (2.922978e-5,-2.922978e-5,-5.845956e-5) (0.0,0.0,0.0)
P (2.922978e-5,-2.922978e-5,-2.922978e-5) (-4.4808967e-6,4.4808967e-6,4.4808967e-6) (2.922978e-5,-2.922978e-5,-2.922978e-5) (0.0,0.0,0.0)
P (2.922978e-5,-2.922978e-5,0.0) (-4.4808967e-6,4.4808967e-6,0.0) (2.922978e-5,-2.922978e-5,0.0) (0.0,0.0,0.0)
P (2.922978e-5,-2.922978e-5,2.922978e-5) (-4.4808967e-6,4.4808967e-6,-4.4808967e-6) (2.922978e-5,-2.922978e-5,2.922978e-5) (0.0,0.0,0.0)
P (2.922978e-5,-2.922978e-5,5.845956e-5) (-4.4808967e-6,4.4808967e-6,-8.961793e-6) (2.922978e-5,-2.922978e-5,5.845956e-5) (0.0,0.0,0.0)
P (2.922978e-5,0.0,-1.1691912e-4) (-4.4808967e-6,0.0,1.7923587e-5) (2.922978e-5,0.0,-1.1691912e-4) (0.0,0.0,0.0)
P (2.922978e-5,0.0,-8.768937e-5) (-4.4808967e-6,0.0,1.3442694e-5) (2.922978e-5,0.0,-8.768937e-5) (0.0,0.0,0.0)
P (2.922978e-5,0.0,-5.845956e-5) (-4.4808967e-6,0.0,8.961793e-6) (2.922978e-5,0.0,-5.845956e-5) (0.0,0.0,0.0)
P (2.922978e-5,0.0,-2.922978e-5) (-4.4808967e-6,0.0,4.4808967e-6) (2.922978e-5,0.0,-2.922978e-5) (0.0,0.0,0.0)
P (2.922978e-5,0.0,0.0) (-4.4808967e-6,0.0,0.0) (2.922978e-5,0.0,0.0) (0.0,0.0,0.0)
P (2.922978e-5,0.0,2.922978e-5) (-4.4808967e-6,0.0,-4.4808967e-6) (2.922978e-5,0.0,2.922978e-5) (0.0,0.0,0.0)
P (2.922978e-5,0.0,5.845956e-5) (-4.4808967e-6,0.0,-8.961793e-6) (2.922978e-5,0.0,5.845956e-5) (0.0,0.0,0.0)
P (2.922978e-5,2.922978e-5,-1.1691912e-4) (-4.4808967e-6,-4.4808967e-6,1.7923587e-5) (2.922978e-5,2.922978e-5,-1.1691912e-4) (0.0,0.0,0.0)
P (2.922978e-5,2.922978e-5,-8.768937e-5) (-4.4808967e-6,-4.4808967e-6,1.3442694e-5) (2.922978e-5,2.922978e-5,-8.768937e-5) (0.0,0.0,0.0)
P (2.922978e-5,2.922978e-5,-5.845956e-5) (-4.4808967e-6,-4.4808967e-6,8.961793e-6) (2.922978e-5,2.922978e-5,-5.845956e-5) (0.0,0.0,0.0)
P (2.922978e-5,2.922978e-5,-2.922978e-5) (-4.4808967e-6,-4.4808967e-6,4.4808967e-6) (2.922978e-5,2.922978e-5,-2.922978e-5) (0.0,0.0,0.0)
P (2.922978e-5,2.922978e-5,0.0) (-4.4808967e-6,-4.4808967e-6,0.0) (2.922978e-5,2.922978e-5,0.0) (0.0,0.0,0.0)
P (2.922978e-5,2.922978e-5,2.922978e-5) (-4.4808967e-6,-4.4808967e-6,-4.4808967e-6) (2.922978e-5,2.922978e-5,2.922978e-5) (0.0,0.0,0.0)
P (2.922978e-5,2.922978e-5,5.845956e-5) (-4.4808967e-6,-4.4808967e-6,-8.961793e-6) (2.922978e-5,2.922978e-5,5.845956e-5) (0.0,0.0,0.0)
P (2.922978e-5,5.845956e-5,-1.1691912e-4) (-4.4808967e-6,-8.961793e-6,1.7923587e-5) (2.922978e-5,5.845956e-5,-1.1691912e-4) (0.0,0.0,0.0)
P (2.922978e-5,5.845956e-5,-8.768937e-5) (-4.4808967e-6,-8.961793e-6,1.3442694e-5) (2.922978e-5,5.845956e-5,-8.768937e-5) (0.0,0.0,0.0)
P (2.922978e-5,5.845956e-5,-5.845956e-5) (-4.4808967e-6,-8.961793e-6,8.961793e-6) (2.922978e-5,5.845956e-5,-5.845956e-5) (0.0,0.0,0.0)
P (2.922978e-5,5.845956e-5,-2.922978e-5) (-4.4808967e-6,-8.961793e-6,4.4808967e-6) (2.922978e-5,5.845956e-5,-2.922978e-5) (0.0,0.0,0.0)
P (2.922978e-5,5.845956e-5,0.0) (-4.4808967e-6,-8.961793e-6,0.0) (2.922978e-5,5.845956e-5,0.0) (0.0,0.0,0.0)
P (2.922978e-5,5.845956e-5,2.922978e-5) (-4.4808967e-6,-8.961793e-6,-4.4808967e-6) (2.922978e-5,5.845956e-5,2.922978e-5) (0.0,0.0,0.0)
P (2.922978e-5,5.845956e-5,5.845956e-5) (-4.4808967e-6,-8.961793e-6,-8.961793e-6) (2.922978e-5,5.845956e-5,5.845956e-5) (0.0,0.0,0.0)
P (5.845956e-5,-1.1691912e-4,-1.1691912e-4) (-8.961793e-6,1.7923587e-5,1.7923587e-5) (5.845956e-5,-1.1691912e-4,-1.1691912e-4) (0.0,0.0,0.0)
P (5.845956e-5,-1.1691912e-4,-8.768937e-5) (-8.961793e-6,1.7923587e-5,1.3442694e-5) (5.845956e-5,-1.1691912e-4,-8.768937e-5) (0.0,0.0,0.0)
P (5.845956e-5,-1.1691912e-4,-5.845956e-5) (-8.961793e-6,1.7923587e-5,8.961793e-6) (5.845956e-5,-1.1691912e-4,-5.845956e-5) (0.0,0.0,0.0)
P (5.845956e-5,-1.1691912e-4,-2.922978e-5) (-8.961793e-6,1.7923587e-5,4.4808967e-6) (5.845956e-5,-1.1691912e-4,-2.922978e-5) (0.0,0.0,0.0)
P (5.845956e-5,-1.1691912e-4,0.0) (-8.961793e-6,1.7923587e-5,0.0) (5.845956e-5,-1.1691912e-4,0.0) (0.0,0.0,0.0)
P (5.845956e-5,-1.1691912e-4,2.922978e-5) (-8.961793e-6,1.7923587e-5,-4.4808967e-6) (5.845956e-5,-1.1691912e-4,2.922978e-5) (0.0,0.0,0.0)
P (5.845956e-5,-1.1691912e-4,5.845956e-5) (-8.961793e-6,1.7923587e-5,-8.961793e-6) (5.845956e-5,-1.1691912e-4,5.845956e-5) (0.0,0.0,0.0)
P (5.845956e-5,-8.768937e-5,-1.1691912e-4) (-8.961793e-6,1.3442694e-5,1.7923587e-5) (5.845956e-5,-8.768937e-5,-1.1691912e-4) (0.0,0.0,0.0)
P (5.845956e-5,-8.768937e-5,-8.768937e-5) (-8.961793e-6,1.3442694e-5,1.3442694e-5) (5.845956e-5,-8.768937e-5,-8.768937e-5) (0.0,0.0,0.0)
P (5.845956e-5,-8.768937e-5,-5.845956e-5) (-8.961793e-6,1.3442694e-5,8.961793e-6) (5.845956e-5,-8.768937e-5,-5.845956e-5) (0.0,0.0,0.0)
P (5.845956e-5,-8.768937e-5,-2.922978e-5) (-8.961793e-6,1.3442694e-5,4.4808967e-6) (5.845956e-5,-8.768937e-5,-2.922978e-5) (0.0,0.0,0.0)
P (5.845956e-5,-8.768937e-5,0.0) (-8.961793e-6,1.3442694e-5,0.0) (5.845956e-5,-8.768937e-5,0.0) (0.0,0.0,0.0)
P (5.845956e-5,-8.768937e-5,2.922978e-5) (-8.961793e-6,1.3442694e-5,-4.4808967e-6) (5.845956e-5,-8.768937e-5,2.922978e-5) (0.0,0.0,0.0)
P (5.845956e-5,-8.768937e-5,5.845956e-5) (-8.961793e-6,1.3442694e-5,-8.961793e-6) (5.845956e-5,-8.768937e-5,5.845956e-5) (0.0,0.0,0.0)
P (5.845956e-5,-5.845956e-5,-1.1691912e-4) (-8.961793e-6,8.961793e-6,1.7923587e-5) (5.845956e-5,-5.845956e-5,-1.1691912e-4) (0.0,0.0,0.0)
P (5.845956e-5,-5.845956e-5,-8.768937e-5) (-8.961793e-6,8.961793e-6,1.3442694e-5) (5.845956e-5,-5.845956e-5,-8.768937e-5) (0.0,0.0,0.0)
P (5.845956e-5,-5.845956e-5,-5.845956e-5) (-8.961793e-6,8.961793e-6,8.961793e-6) (5.845956e-5,-5.845956e-5,-5.845956e-5) (0.0,0.0,0.0)
P (5.845956e-5,-5.845956e-5,-2.922978e-5) (-8.961793e-6,8.961793e-6,4.4808967e-6) (5.845956e-5,-5.845956e-5,-2.922978e-5) (0.0,0.0,0.0)
P (5.845956e-5,-5.845956e-5,0.0) (-8.961793e-6,8.961793e-6,0.0) (5.845956e-5,-5.845956e-5,0.0) (0.0,0.0,0.0)
P (5.845956e-5,-5.845956e-5,2.922978e-5) (-8.961793e-6,8.961793e-6,-4.4808967e-6) (5.845956e-5,-5.845956e-5,2.922978e-5) (0.0,0.0,0.0)
P (5.845956e-5,-5.845956e-5,5.845956e-5) (-8.961793e-6,8.961793e-6,-8.961793e-6) (5.845956e-5,-5.845956e-5,5.845956e-5) (0.0,0.0,0.0)
P (5.845956e-5,-2.922978e-5,-1.1691912e-4) (-8.961793e-6,4.4808967e-6,1.7923587e-5) (5.845956e-5,-2.922978e-5,-1.1691912e-4) (0.0,0.0,0.0)
P (5.845956e-5,-2.922978e-5,-8.768937e-5) (-8.961793e-6,4.4808967e-6,1.3442694e-5) (5.845956e-5,-2.922978e-5,-8.768937e-5) (0.0,0.0,0.0)
P (5.845956e-5,-2.922978e-5,-5.845956e-5) (-8.961793e-6,4.4808967e-6,8.961793e-6) (5.845956e-5,-2.922978e-5,-5.845956e-5) (0.0,0.0,0.0)
P (5.845956e-5,-2.922978e-5,-2.922978e-5) (-8.961793e-6,4.4808967e-6,4.4808967e-6) (5.845956e-5,-2.922978e-5,-2.922978e-5) (0.0,0.0,0.0)
P (5.845956e-5,-2.922978e-5,0.0) (-8.961793e-6,4.4808967e-6,0.0) (5.845956e-5,-2.922978e-5,0.0) (0.0,0.0,0.0)
P (5.845956e-5,-2.922978e-5,2.922978e-5) (-8.961793e-6,4.4808967e-6,-4.4808967e-6) (5.845956e-5,-2.922978e-5,2.922978e-5) (0.0,0.0,0.0)
P (5.845956e-5,-2.922978e-5,5.845956e-5) (-8.961793e-6,4.4808967e-6,-8.961793e-6) (5.845956e-5,-2.922978e-5,5.845956e-5) (0.0,0.0,0.0)
P (5.845956e-5,0.0,-1.1691912e-4) (-8.961793e-6,0.0,1.7923587e-5) (5.845956e-5,0.0,-1.1691912e-4) (0.0,0.0,0.0)
P (5.845956e-5,0.0,-8.768937e-5) (-8.961793e-6,0.0,1.3442694e-5) (5.845956e-5,0.0,-8.768937e-5) (0.0,0.0,0.0)
P (5.845956e-5,0.0,-5.845956e-5) (-8.961793e-6,0.0,8.961793e-6) (5.845956e-5,0.0,-5.845956e-5) (0.0,0.0,0.0)
P (5.845956e-5,0.0,-2.922978e-5) (-8.961793e-6,0.0,4.4808967e-6) (5.845956e-5,0.0,-2.922978e-5) (0.0,0.0,0.0)
P (5.845956e-5,0.0,0.0) (-8.961793e-6,0.0,0.0) (5.845956e-5,0.0,0.0) (0.0,0.0,0.0)
P (5.845956e-5,0.0,2.922978e-5) (-8.961793e-6,0.0,-4.4808967e-6) (5.845956e-5,0.0,2.922978e-5) (0.0,0.0,0.0)
P (5.845956e-5,0.0,5.845956e-5) (-8.961793e-6,0.0,-8.961793e-6) (5.845956e-5,0.0,5.845956e-5) (0.0,0.0,0.0)
P (5.845956e-5,2.922978e-5,-1.1691912e-4) (-8.961793e-6,-4.4808967e-6,1.7923587e-5) (5.845956e-5,2.922978e-5,-1.1691912e-4) (0.0,0.0,0.0)
P (5.845956e-5,2.922978e-5,-8.768937e-5) (-8.961793e-6,-4.4808967e-6,1.3442694e-5) (5.845956e-5,2.922978e-5,-8.768937e-5) (0.0,0.0,0.0)
P (5.845956e-5,2.922978e-5,-5.845956e-5) (-8.961793e-6,-4.4808967e-6,8.961793e-6) (5.845956e-5,2.922978e-5,-5.845956e-5) (0.0,0.0,0.0)
P (5.845956e-5,2.922978e-5,-2.922978e-5) (-8.961793e-6,-4.4808967e-6,4.4808967e-6) (5.845956e-5,2.922978e-5,-2.922978e-5) (0.0,0.0,0.0)
P (5.845956e-5,2.922978e-5,0.0) (-8.961793e-6,-4.4808967e-6,0.0) (5.845956e-5,2.922978e-5,0.0) (0.0,0.0,0.0)
P (5.845956e-5,2.922978e-5,2.922978e-5) (-8.961793e-6,-4.4808967e-6,-4.4808967e-6) (5.845956e-5,2.922978e-5,2.922978e-5) (0.0,0.0,0.0)
P (5.845956e-5,2.922978e-5,5.845956e-5) (-8.961793e-6,-4.4808967e-6,-8.961793e-6) (5.845956e-5,2.922978e-5,5.845956e-5) (0.0,0.0,0.0)
P (5.845956e-5,5.845956e-5,-1.1691912e-4) (-8.961793e-6,-8.961793e-6,1.7923587e-5) (5.845956e-5,5.845956e-5,-1.1691912e-4) (0.0,0.0,0.0)
P (5.845956e-5,5.845956e-5,-8.768937e-5) (-8.961793e-6,-8.961793e-6,1.3442694e-5) (5.845956e-5,5.845956e-5,-8.768937e-5) (0.0,0.0,0.0)
P (5.845956e-5,5.845956e-5,-5.845956e-5) (-8.961793e-6,-8.961793e-6,8.961793e-6) (5.845956e-5,5.845956e-5,-5.845956e-5) (0.0,0.0,0.0)
P (5.845956e-5,5.845956e-5,-2.922978e-5) (-8.961793e-6,-8.961793e-6,4.4808967e-6) (5.845956e-5,5.845956e-5,-2.922978e-5) (0.0,0.0,0.0)
P (5.845956e-5,5.845956e-5,0.0) (-8.961793e-6,-8.961793e-6,0.0) (5.845956e-5,5.845956e-5,0.0) (0.0,0.0,0.0)
P (5.845956e-5,5.845956e-5,2.922978e-5) (-8.961793e-6,-8.961793e-6,-4.4808967e-6) (5.845956e-5,5.845956e-5,2.922978e-5) (0.0,0.0,0.0)
P (5.845956e-5,5.845956e-5,5.845956e-5) (-8.961793e-6,-8.961793e-6,-8.961793e-6) (5.845956e-5,5.845956e-5,5.845956e-5) (0.0,0.0,0.0)
